  0  0 30 0.00 0.00 0.00     0 0.00 0.00 0.00     0 0.00 0.00 0.00     0 0.061
  0  0 30 0.00 0.00 0.00     0 0.00 0.00 0.00     0 0.00 0.00 0.00     0 0.052
  0  0 30 0.00 0.00 0.00     0 0.00 0.00 0.00     0 0.00 0.00 0.00     0 0.062
  0  0 30 0.00 0.00 0.00     0 0.00 0.00 0.00     0 0.00 0.00 0.00     0 0.035
  0  0 30 0.00 0.00 0.00     0 0.00 0.00 0.00     0 0.00 0.00 0.00     0 0.036
  0  0 30 0.00 0.00 0.00     0 0.00 0.00 0.00     0 0.00 0.00 0.00     0 0.038
  0  0 30 0.00 0.00 0.00     0 0.00 0.00 0.00     0 0.00 0.00 0.00     0 0.035
  0  0 30 0.00 0.00 0.00     0 0.00 0.00 0.00     0 0.00 0.00 0.00     0 0.035
  0  0 30 0.00 0.00 0.00     0 0.00 0.00 0.00     0 0.00 0.00 0.00     0 0.036
  0  0 30 0.00 0.00 0.00     0 0.00 0.00 0.00     0 0.00 0.00 0.00     0 0.035
  0  0 30 0.00 0.00 0.00     0 0.00 0.00 0.00     0 0.00 0.00 0.00     0 0.035
  0  0 30 0.00 0.00 0.00     0 0.00 0.00 0.00     0 0.00 0.00 0.00     0 0.036
  0  0 30 0.00 0.00 0.00     0 0.00 0.00 0.00     0 0.00 0.00 0.00     0 0.035
  0  0 30 0.00 0.00 0.00     0 0.00 0.00 0.00     0 0.00 0.00 0.00     0 0.036
  0  0 30 0.00 0.00 0.00     0 0.00 0.00 0.00     0 0.00 0.00 0.00     0 0.035
  0  0 30 0.00 0.00 0.00     0 0.00 0.00 0.00     0 0.00 0.00 0.00     0 0.038
  0  0 30 0.00 0.00 0.00     0 0.00 0.00 0.00     0 0.00 0.00 0.00     0 0.035
